177,0
204,1
228,2
231,3
247,4
258,5
282,6
296,7
301,8
303,9
307,10
316,11
358,12
374,13
443,14
462,15
463,16
468,17
478,18
479,19
489,20
498,21
510,22
518,23
536,24
542,25
549,26
596,27
597,28
650,29
691,30
698,31
723,32
748,33
809,34
821,35
913,36
924,37
931,38
932,39
948,40
952,41
1020,42
1022,43
1158,44
1197,45
1285,46
1298,47
1314,48
1332,49
1360,50
1434,51
1463,52
1465,53
1483,54
1512,55
1525,56
1542,57
1543,58
1568,59
1618,60
1644,61
1649,62
1654,63
1656,64
1660,65
1665,66
1669,67
1687,68
1708,69
1710,70
1717,71
1723,72
1725,73
1734,74
1738,75
1751,76
1754,77
1766,78
1783,79
1787,80
1790,81
1800,82
1801,83
1810,84
1817,85
1845,86
1856,87
1884,88
1886,89
1887,90
1888,91
1893,92
1900,93
1906,94
1907,95
1913,96
1925,97
1930,98
1931,99
1932,100
1937,101
1941,102
1943,103
1946,104
1956,105
1959,106
1965,107
1966,108
1968,109
1969,110
1973,111
1980,112
1987,113
1988,114
1993,115
1996,116
1998,117
2003,118
2004,119
2007,120
2014,121
2017,122
2022,123
2023,124
2028,125
2035,126
2039,127
2045,128
2048,129
2057,130
2062,131
2070,132
2076,133
2088,134
2095,135
2097,136
2111,137
2120,138
2128,139
2129,140
2130,141
2158,142
2159,143
2172,144
2182,145
2215,146
2243,147
2251,148
2259,149
2264,150
2311,151
2323,152
2340,153
2346,154
2352,155
2367,156
2388,157
2393,158
2409,159
2416,160
2441,161
2443,162
2447,163
2452,164
2490,165
2507,166
2541,167
2544,168
2558,169
2563,170
2605,171
2628,172
2637,173
2640,174
2658,175
2677,176
2682,177
2781,178
2874,179
2971,180
2986,181
3171,182
3244,183
3279,184
3308,185
3316,186
3521,187
3524,188
3600,189
3601,190
3677,191
3776,192
3885,193
3903,194
3921,195
3957,196
4032,197
4044,198
4061,199
4167,200
4170,201
4218,202
4248,203
4285,204
4310,205
4354,206
4356,207
4369,208
4448,209
4464,210
4533,211
4613,212
272,213
615,214
1673,215
1735,216
1834,217
1839,218
1995,219
2131,220
2242,221
2260,222
2326,223
2371,224
2415,225
2468,226
2519,227
2570,228
2582,229
2583,230
2594,231
2614,232
2636,233
2639,234
2647,235
2664,236
2686,237
2687,238
2688,239
2689,240
2692,241
2715,242
2761,243
2771,244
2772,245
2774,246
2777,247
2778,248
2780,249
2784,250
2792,251
2799,252
2800,253
2801,254
2802,255
2803,256
2812,257
2814,258
2817,259
2821,260
2826,261
2837,262
2856,263
2860,264
2861,265
2862,266
2885,267
2896,268
2901,269
2903,270
2909,271
2923,272
2924,273
2940,274
2945,275
2947,276
2948,277
2955,278
2956,279
2958,280
2962,281
2964,282
2973,283
2975,284
2976,285
2978,286
2981,287
2983,288
2987,289
2990,290
2991,291
2994,292
2996,293
2998,294
2999,295
3002,296
3005,297
3006,298
3007,299
3014,300
3020,301
3021,302
3027,303
3028,304
3038,305
3041,306
3042,307
3043,308
3045,309
3049,310
3051,311
3055,312
3061,313
3066,314
3068,315
3075,316
3076,317
3078,318
3081,319
3082,320
3085,321
3090,322
3092,323
3098,324
3102,325
3105,326
3113,327
3114,328
3122,329
3125,330
3129,331
3133,332
3138,333
3144,334
3151,335
3152,336
3154,337
3158,338
3160,339
3165,340
3177,341
3179,342
3183,343
3186,344
3187,345
3192,346
3197,347
3201,348
3204,349
3206,350
3212,351
3215,352
3230,353
3232,354
3236,355
3240,356
3249,357
3250,358
3252,359
3254,360
3266,361
3271,362
3299,363
3309,364
3319,365
3327,366
3332,367
3333,368
3337,369
3345,370
3352,371
3372,372
3374,373
3382,374
3385,375
3389,376
3390,377
3394,378
3397,379
3398,380
3419,381
3421,382
3435,383
3466,384
3467,385
3471,386
3477,387
3478,388
3479,389
3487,390
3498,391
3499,392
3511,393
3515,394
3517,395
3525,396
3527,397
3529,398
3531,399
3536,400
3537,401
3544,402
3545,403
3553,404
3569,405
3580,406
3582,407
3594,408
3596,409
3598,410
3604,411
3605,412
3610,413
3623,414
3632,415
3647,416
3676,417
3686,418
3691,419
3695,420
3697,421
3708,422
3723,423
3761,424
3767,425
3768,426
3777,427
3778,428
3802,429
3811,430
3821,431
3851,432
3861,433
3880,434
3897,435
3901,436
3907,437
3936,438
3947,439
3956,440
3984,441
3987,442
3988,443
4002,444
4004,445
4005,446
4015,447
4046,448
4049,449
4055,450
4064,451
4068,452
4072,453
4091,454
4105,455
4107,456
4134,457
4153,458
4236,459
4241,460
4245,461
4272,462
4298,463
46,464
66,465
71,466
78,467
90,468
95,469
165,470
212,471
331,472
526,473
594,474
695,475
779,476
837,477
919,478
953,479
1131,480
1136,481
1325,482
1534,483
1728,484
1755,485
1782,486
1820,487
1822,488
1843,489
1847,490
1873,491
1890,492
1916,493
1920,494
2015,495
2049,496
2133,497
2156,498
2167,499
2217,500
2255,501
2289,502
2294,503
2330,504
2365,505
2408,506
2412,507
2413,508
2430,509
2437,510
2471,511
2593,512
2619,513
2621,514
2650,515
2730,516
2742,517
2756,518
2765,519
2798,520
2827,521
2835,522
2870,523
2954,524
3013,525
3227,526
3241,527
3383,528
3415,529
3666,530
3884,531
4013,532
366,533
421,534
442,535
461,536
585,537
838,538
912,539
941,540
1681,541
1819,542
2065,543
2089,544
2098,545
2126,546
2176,547
2233,548
2395,549
2396,550
2425,551
2458,552
2475,553
2478,554
2603,555
2634,556
2644,557
2768,558
2776,559
2840,560
2905,561
2979,562
3025,563
3034,564
3095,565
3112,566
3118,567
3185,568
3253,569
3434,570
3440,571
3773,572
3822,573
3974,574
3995,575
4035,576
4147,577
4331,578
4582,579
1520,580
2016,581
2164,582
2169,583
2262,584
2423,585
2586,586
2679,587
2737,588
2804,589
2829,590
2917,591
3355,592
3593,593
3742,594
3910,595
147,596
221,597
226,598
261,599
274,600
291,601
369,602
417,603
424,604
426,605
494,606
559,607
575,608
601,609
621,610
636,611
665,612
682,613
693,614
699,615
1055,616
1106,617
1647,618
1709,619
1732,620
1736,621
1739,622
1746,623
1764,624
1769,625
1786,626
1791,627
1796,628
1814,629
1821,630
1825,631
1841,632
1851,633
1852,634
1867,635
1870,636
1874,637
1877,638
1879,639
1882,640
1883,641
1885,642
1891,643
1892,644
1895,645
1897,646
1898,647
1899,648
1901,649
1902,650
1908,651
1909,652
1911,653
1912,654
1914,655
1918,656
1923,657
1926,658
1928,659
1934,660
1938,661
1942,662
1949,663
1957,664
1964,665
1971,666
1974,667
1975,668
1979,669
1984,670
1985,671
1986,672
1990,673
1999,674
2005,675
2006,676
2010,677
2018,678
2019,679
2021,680
2027,681
2031,682
2032,683
2044,684
2050,685
2053,686
2059,687
2064,688
2066,689
2069,690
2073,691
2074,692
2075,693
2079,694
2084,695
2085,696
2092,697
2093,698
2094,699
2100,700
2104,701
2105,702
2109,703
2112,704
2113,705
2114,706
2116,707
2119,708
2121,709
2122,710
2127,711
2134,712
2135,713
2141,714
2142,715
2147,716
2149,717
2153,718
2160,719
2168,720
2178,721
2180,722
2185,723
2186,724
2195,725
2199,726
2200,727
2201,728
2204,729
2208,730
2214,731
2227,732
2228,733
2231,734
2234,735
2237,736
2239,737
2241,738
2248,739
2250,740
2254,741
2257,742
2261,743
2263,744
2266,745
2268,746
2271,747
2282,748
2286,749
2290,750
2292,751
2293,752
2299,753
2302,754
2303,755
2310,756
2312,757
2314,758
2315,759
2319,760
2320,761
2321,762
2322,763
2325,764
2327,765
2338,766
2339,767
2345,768
2350,769
2351,770
2353,771
2354,772
2358,773
2363,774
2370,775
2372,776
2381,777
2382,778
2385,779
2399,780
2400,781
2401,782
2404,783
2407,784
2410,785
2418,786
2419,787
2427,788
2436,789
2442,790
2459,791
2463,792
2474,793
2481,794
2487,795
2488,796
2491,797
2494,798
2495,799
2496,800
2500,801
2504,802
2505,803
2508,804
2511,805
2512,806
2514,807
2515,808
2517,809
2518,810
2522,811
2524,812
2525,813
2531,814
2533,815
2537,816
2542,817
2545,818
2546,819
2554,820
2561,821
2569,822
2574,823
2575,824
2576,825
2584,826
2585,827
2591,828
2592,829
2599,830
2601,831
2604,832
2607,833
2616,834
2617,835
2618,836
2622,837
2624,838
2625,839
2632,840
2635,841
2648,842
2653,843
2666,844
2669,845
2674,846
2675,847
2678,848
2683,849
2691,850
2693,851
2694,852
2699,853
2704,854
2705,855
2710,856
2714,857
2717,858
2727,859
2733,860
2735,861
2738,862
2740,863
2743,864
2750,865
2753,866
2755,867
2759,868
2763,869
2767,870
2773,871
2790,872
2793,873
2795,874
2808,875
2816,876
2819,877
2833,878
2841,879
2847,880
2850,881
2852,882
2854,883
2855,884
2872,885
2873,886
2878,887
2883,888
2889,889
2898,890
2907,891
2910,892
2914,893
2919,894
2929,895
2938,896
2944,897
2951,898
2953,899
2957,900
2959,901
2960,902
2972,903
2974,904
2980,905
2988,906
2993,907
3000,908
3012,909
3015,910
3019,911
3029,912
3033,913
3036,914
3079,915
3084,916
3089,917
3091,918
3094,919
3097,920
3099,921
3106,922
3107,923
3119,924
3123,925
3136,926
3143,927
3146,928
3148,929
3149,930
3153,931
3155,932
3182,933
3190,934
3205,935
3214,936
3216,937
3222,938
3226,939
3231,940
3238,941
3248,942
3265,943
3295,944
3297,945
3298,946
3324,947
3329,948
3396,949
3413,950
3416,951
3426,952
3437,953
3448,954
3449,955
3454,956
3474,957
3480,958
3496,959
3516,960
3535,961
3555,962
3560,963
3564,964
3583,965
3602,966
3656,967
3685,968
3707,969
3749,970
3766,971
3786,972
3796,973
3894,974
3900,975
3913,976
3991,977
4037,978
4069,979
4177,980
4444,981
819,982
1329,983
1763,984
1936,985
2166,986
2236,987
2450,988
3017,989
3490,990
3559,991
3679,992
3692,993
3724,994
3763,995
3923,996
3959,997
4075,998
4089,999
4120,1000
4126,1001
4180,1002
4187,1003
4197,1004
4270,1005
4339,1006
4412,1007
4491,1008
4551,1009
4568,1010
4624,1011
4626,1012
1727,1013
1777,1014
1955,1015
3554,1016
3629,1017
4138,1018
660,1019
778,1020
815,1021
971,1022
985,1023
1376,1024
1724,1025
1768,1026
1844,1027
1858,1028
1933,1029
1935,1030
2077,1031
2334,1032
2449,1033
2667,1034
2676,1035
2701,1036
2851,1037
3071,1038
3140,1039
3157,1040
3779,1041
3850,1042
4033,1043
4389,1044
4529,1045
4557,1046
635,1047
666,1048
709,1049
725,1050
729,1051
756,1052
820,1053
854,1054
939,1055
978,1056
984,1057
1000,1058
1018,1059
1054,1060
1059,1061
1081,1062
1094,1063
1097,1064
1135,1065
1160,1066
1194,1067
1200,1068
1230,1069
1250,1070
1265,1071
1266,1072
1276,1073
1315,1074
1359,1075
1369,1076
1378,1077
1386,1078
1388,1079
1403,1080
1411,1081
1426,1082
1445,1083
1473,1084
1495,1085
1504,1086
1507,1087
1517,1088
1518,1089
1522,1090
1546,1091
1548,1092
1558,1093
1560,1094
1604,1095
1609,1096
1614,1097
1626,1098
1633,1099
1645,1100
1657,1101
1663,1102
1688,1103
1741,1104
1742,1105
1762,1106
1770,1107
1776,1108
1778,1109
1789,1110
1793,1111
1806,1112
1808,1113
1903,1114
1954,1115
1970,1116
1981,1117
2061,1118
2091,1119
2157,1120
2196,1121
2210,1122
2212,1123
2216,1124
2220,1125
2287,1126
2457,1127
2587,1128
2655,1129
2690,1130
2888,1131
2946,1132
3010,1133
3057,1134
3059,1135
3127,1136
3184,1137
3269,1138
3288,1139
3292,1140
3362,1141
3412,1142
3438,1143
3464,1144
3468,1145
3493,1146
3570,1147
3575,1148
3576,1149
3613,1150
3630,1151
3642,1152
3660,1153
3673,1154
3674,1155
3791,1156
3809,1157
3837,1158
3866,1159
3870,1160
3915,1161
3968,1162
3978,1163
3992,1164
4009,1165
4056,1166
4057,1167
4059,1168
4066,1169
4097,1170
4117,1171
4127,1172
4163,1173
4174,1174
4237,1175
4239,1176
4243,1177
4246,1178
4259,1179
4371,1180
4383,1181
4386,1182
4414,1183
4415,1184
4419,1185
4435,1186
4436,1187
4496,1188
1922,1189
2238,1190
2428,1191
2553,1192
2656,1193
2657,1194
2937,1195
3431,1196
3522,1197
4007,1198
4277,1199
295,1200
361,1201
515,1202
563,1203
802,1204
910,1205
1052,1206
1241,1207
1281,1208
1293,1209
1300,1210
1338,1211
1418,1212
1428,1213
1466,1214
1622,1215
1624,1216
1631,1217
1659,1218
1670,1219
1721,1220
1729,1221
1811,1222
1878,1223
1951,1224
1960,1225
16,1226
17,1227
35,1228
37,1229
292,1230
398,1231
453,1232
502,1233
538,1234
614,1235
629,1236
648,1237
651,1238
672,1239
731,1240
752,1241
775,1242
814,1243
857,1244
905,1245
1008,1246
1010,1247
1012,1248
1049,1249
1058,1250
1163,1251
1309,1252
1394,1253
1459,1254
1472,1255
1484,1256
1671,1257
1685,1258
1771,1259
1794,1260
1797,1261
1835,1262
1840,1263
1871,1264
2002,1265
3456,1266
3556,1267
3898,1268
3918,1269
3,1270
24,1271
25,1272
39,1273
47,1274
48,1275
73,1276
103,1277
110,1278
155,1279
161,1280
167,1281
268,1282
337,1283
372,1284
433,1285
456,1286
469,1287
503,1288
507,1289
514,1290
517,1291
552,1292
576,1293
622,1294
637,1295
640,1296
663,1297
673,1298
689,1299
692,1300
722,1301
735,1302
740,1303
767,1304
804,1305
835,1306
851,1307
858,1308
862,1309
877,1310
890,1311
891,1312
894,1313
920,1314
930,1315
973,1316
1024,1317
1033,1318
1035,1319
1041,1320
1048,1321
1057,1322
1063,1323
1067,1324
1068,1325
1073,1326
1078,1327
1087,1328
1091,1329
1099,1330
1113,1331
1115,1332
1120,1333
1121,1334
1125,1335
1143,1336
1148,1337
1172,1338
1173,1339
1177,1340
1179,1341
1182,1342
1187,1343
1196,1344
1202,1345
1223,1346
1225,1347
1226,1348
1228,1349
1229,1350
1242,1351
1244,1352
1245,1353
1247,1354
1272,1355
1274,1356
1301,1357
1323,1358
1327,1359
1340,1360
1361,1361
1390,1362
1397,1363
1410,1364
1412,1365
1436,1366
1455,1367
1477,1368
1481,1369
1509,1370
1541,1371
1569,1372
1578,1373
1581,1374
1583,1375
1605,1376
1640,1377
1658,1378
1678,1379
1684,1380
1689,1381
1693,1382
1696,1383
1707,1384
1714,1385
1910,1386
1967,1387
2030,1388
2037,1389
2138,1390
2150,1391
2173,1392
2222,1393
2226,1394
2245,1395
2247,1396
2280,1397
2324,1398
2333,1399
2341,1400
2391,1401
2397,1402
2411,1403
2414,1404
2422,1405
2438,1406
2439,1407
2476,1408
2477,1409
2484,1410
2497,1411
2498,1412
2516,1413
2521,1414
2530,1415
2534,1416
2600,1417
2610,1418
2611,1419
2661,1420
2681,1421
2726,1422
2751,1423
2760,1424
2805,1425
2807,1426
2809,1427
2815,1428
2831,1429
2890,1430
2891,1431
2906,1432
3003,1433
3009,1434
3088,1435
3243,1436
3296,1437
3328,1438
3335,1439
3346,1440
3483,1441
3489,1442
3528,1443
3607,1444
3627,1445
3733,1446
3740,1447
3753,1448
3800,1449
3846,1450
3863,1451
3916,1452
3927,1453
3966,1454
4065,1455
4128,1456
4143,1457
4165,1458
4212,1459
4214,1460
4317,1461
4376,1462
4461,1463
4545,1464
4559,1465
1683,1466
808,1467
906,1468
996,1469
1005,1470
1489,1471
1666,1472
1818,1473
1854,1474
1972,1475
2024,1476
2036,1477
2052,1478
2108,1479
2203,1480
2229,1481
2417,1482
3728,1483
3734,1484
1335,1485
886,1486
921,1487
926,1488
1449,1489
1712,1490
1757,1491
1832,1492
2736,1493
2757,1494
2886,1495
3004,1496
3414,1497
3506,1498
3618,1499
3852,1500
3853,1501
3969,1502
4186,1503
4204,1504
4424,1505
1758,1506
2269,1507
2455,1508
2510,1509
2571,1510
3867,1511
4023,1512
4115,1513
4166,1514
4431,1515
4630,1516
578,1517
679,1518
861,1519
950,1520
981,1521
1075,1522
1469,1523
1480,1524
1563,1525
2072,1526
2170,1527
2390,1528
2824,1529
4251,1530
4458,1531
4502,1532
6,1533
8,1534
13,1535
19,1536
23,1537
33,1538
43,1539
59,1540
64,1541
74,1542
80,1543
85,1544
86,1545
87,1546
91,1547
98,1548
104,1549
121,1550
145,1551
146,1552
149,1553
150,1554
185,1555
209,1556
217,1557
227,1558
251,1559
293,1560
302,1561
312,1562
343,1563
357,1564
383,1565
400,1566
406,1567
430,1568
466,1569
480,1570
509,1571
589,1572
602,1573
610,1574
681,1575
690,1576
763,1577
771,1578
843,1579
855,1580
872,1581
901,1582
955,1583
1007,1584
1064,1585
1146,1586
1171,1587
1176,1588
1185,1589
1190,1590
1212,1591
1222,1592
1254,1593
1263,1594
1299,1595
1421,1596
1439,1597
1505,1598
1547,1599
1628,1600
1833,1601
1863,1602
2151,1603
2181,1604
2308,1605
2461,1606
2464,1607
2588,1608
2868,1609
2884,1610
2897,1611
3104,1612
3218,1613
3237,1614
3549,1615
485,1616
736,1617
1927,1618
2659,1619
2871,1620
44,1621
45,1622
69,1623
93,1624
97,1625
106,1626
120,1627
127,1628
129,1629
131,1630
159,1631
162,1632
205,1633
206,1634
249,1635
299,1636
320,1637
330,1638
332,1639
347,1640
348,1641
354,1642
368,1643
370,1644
393,1645
419,1646
447,1647
482,1648
487,1649
508,1650
539,1651
557,1652
569,1653
582,1654
592,1655
600,1656
604,1657
612,1658
619,1659
624,1660
626,1661
634,1662
658,1663
664,1664
696,1665
701,1666
703,1667
704,1668
718,1669
724,1670
733,1671
742,1672
768,1673
777,1674
785,1675
786,1676
827,1677
829,1678
831,1679
847,1680
852,1681
873,1682
884,1683
900,1684
911,1685
962,1686
963,1687
968,1688
970,1689
992,1690
1011,1691
1014,1692
1017,1693
1025,1694
1044,1695
1053,1696
1061,1697
1110,1698
1111,1699
1116,1700
1127,1701
1139,1702
1183,1703
1205,1704
1258,1705
1342,1706
1346,1707
1349,1708
1373,1709
1382,1710
1475,1711
1478,1712
1506,1713
1549,1714
1703,1715
1785,1716
1824,1717
1978,1718
1991,1719
2102,1720
2272,1721
2279,1722
2306,1723
2424,1724
2433,1725
2469,1726
2482,1727
2502,1728
2549,1729
2564,1730
2596,1731
2665,1732
2711,1733
2716,1734
2764,1735
2843,1736
3040,1737
3050,1738
3086,1739
3159,1740
3166,1741
3213,1742
3368,1743
3588,1744
3770,1745
3797,1746
3833,1747
9,1748
10,1749
14,1750
20,1751
21,1752
28,1753
30,1754
31,1755
34,1756
51,1757
57,1758
58,1759
76,1760
81,1761
84,1762
89,1763
92,1764
99,1765
100,1766
101,1767
107,1768
115,1769
117,1770
126,1771
128,1772
132,1773
135,1774
138,1775
139,1776
143,1777
144,1778
151,1779
153,1780
154,1781
156,1782
157,1783
164,1784
170,1785
174,1786
175,1787
178,1788
179,1789
183,1790
187,1791
188,1792
190,1793
191,1794
193,1795
194,1796
195,1797
198,1798
199,1799
202,1800
203,1801
207,1802
210,1803
211,1804
230,1805
233,1806
240,1807
254,1808
262,1809
264,1810
267,1811
270,1812
271,1813
276,1814
278,1815
283,1816
285,1817
286,1818
289,1819
290,1820
294,1821
308,1822
315,1823
319,1824
322,1825
327,1826
334,1827
341,1828
351,1829
355,1830
362,1831
377,1832
380,1833
382,1834
389,1835
399,1836
401,1837
405,1838
411,1839
418,1840
420,1841
423,1842
428,1843
429,1844
448,1845
457,1846
472,1847
505,1848
506,1849
521,1850
523,1851
525,1852
527,1853
529,1854
530,1855
533,1856
574,1857
587,1858
599,1859
603,1860
617,1861
639,1862
641,1863
646,1864
652,1865
661,1866
686,1867
687,1868
706,1869
717,1870
719,1871
721,1872
726,1873
728,1874
734,1875
745,1876
746,1877
795,1878
805,1879
807,1880
810,1881
813,1882
836,1883
840,1884
889,1885
915,1886
929,1887
935,1888
938,1889
942,1890
969,1891
1002,1892
1028,1893
1036,1894
1038,1895
1072,1896
1080,1897
1089,1898
1112,1899
1133,1900
1162,1901
1174,1902
1191,1903
1198,1904
1201,1905
1243,1906
1261,1907
1289,1908
1296,1909
1307,1910
1330,1911
1341,1912
1348,1913
1422,1914
1461,1915
1474,1916
1482,1917
1550,1918
1575,1919
1607,1920
1608,1921
1648,1922
1668,1923
1737,1924
1779,1925
1795,1926
1802,1927
1836,1928
1837,1929
1869,1930
1948,1931
1976,1932
2078,1933
2218,1934
2240,1935
2275,1936
2288,1937
2301,1938
2318,1939
2462,1940
2465,1941
2501,1942
2532,1943
2552,1944
2578,1945
2579,1946
2581,1947
2613,1948
2631,1949
2652,1950
2732,1951
2786,1952
2791,1953
2832,1954
3072,1955
3163,1956
3331,1957
3402,1958
3509,1959
3520,1960
3595,1961
3650,1962
3671,1963
3759,1964
3815,1965
3816,1966
3826,1967
3949,1968
4229,1969
4479,1970
269,1971
675,1972
1694,1973
1756,1974
2146,1975
2202,1976
2448,1977
2453,1978
88,1979
122,1980
133,1981
134,1982
136,1983
148,1984
169,1985
182,1986
184,1987
214,1988
215,1989
224,1990
263,1991
376,1992
395,1993
511,1994
1069,1995
1339,1996
1435,1997
1562,1998
1711,1999
2063,2000
2376,2001
2499,2002
2589,2003
2627,2004
2747,2005
2748,2006
2882,2007
2908,2008
2941,2009
2942,2010
2969,2011
3126,2012
3135,2013
3147,2014
3170,2015
3239,2016
3310,2017
3326,2018
3330,2019
3357,2020
3359,2021
3392,2022
3393,2023
3405,2024
3407,2025
3432,2026
3441,2027
3457,2028
3501,2029
3512,2030
3514,2031
3533,2032
3540,2033
3547,2034
3550,2035
3551,2036
3562,2037
3563,2038
3567,2039
3574,2040
3581,2041
3587,2042
3597,2043
3608,2044
3609,2045
3621,2046
3625,2047
3633,2048
3638,2049
3639,2050
3644,2051
3651,2052
3652,2053
3655,2054
3657,2055
3662,2056
3699,2057
3705,2058
3710,2059
3712,2060
3713,2061
3720,2062
3721,2063
3726,2064
3743,2065
3747,2066
3748,2067
3750,2068
3752,2069
3754,2070
3755,2071
3756,2072
3774,2073
3794,2074
3795,2075
3803,2076
3813,2077
3835,2078
3839,2079
3845,2080
3854,2081
3862,2082
3883,2083
3886,2084
3895,2085
3899,2086
3919,2087
3932,2088
3939,2089
3951,2090
3960,2091
3963,2092
3967,2093
3972,2094
3977,2095
3979,2096
3990,2097
4000,2098
4003,2099
4016,2100
4019,2101
4021,2102
4024,2103
4030,2104
4062,2105
4063,2106
4074,2107
4101,2108
4109,2109
4112,2110
4113,2111
4116,2112
4125,2113
4145,2114
4146,2115
4152,2116
4157,2117
4185,2118
4188,2119
4194,2120
4200,2121
4205,2122
4215,2123
4219,2124
4230,2125
4234,2126
4252,2127
4254,2128
4258,2129
4261,2130
4268,2131
4269,2132
4273,2133
4274,2134
4278,2135
4282,2136
4283,2137
4284,2138
4287,2139
4300,2140
4301,2141
4307,2142
4321,2143
4336,2144
4345,2145
4347,2146
4352,2147
4360,2148
4362,2149
4364,2150
4388,2151
4391,2152
4394,2153
4395,2154
4400,2155
4401,2156
4404,2157
4409,2158
4426,2159
4441,2160
4449,2161
4450,2162
4453,2163
4468,2164
4472,2165
4482,2166
4487,2167
4493,2168
4494,2169
4499,2170
4500,2171
4507,2172
4513,2173
4516,2174
4517,2175
4518,2176
4519,2177
4524,2178
4527,2179
4538,2180
4544,2181
4552,2182
4558,2183
4562,2184
4563,2185
4577,2186
4578,2187
4583,2188
4584,2189
4588,2190
4589,2191
4591,2192
4593,2193
4595,2194
4605,2195
4606,2196
4614,2197
4619,2198
4631,2199
4640,2200
4641,2201
4645,2202
4648,2203
4651,2204
4660,2205
4662,2206
806,2207
965,2208
1085,2209
1204,2210
1415,2211
1828,2212
2225,2213
2265,2214
2402,2215
1652,2216
1676,2217
1704,2218
1958,2219
2013,2220
2362,2221
412,2222
1102,2223
1149,2224
1784,2225
1842,2226
1846,2227
1853,2228
1868,2229
1894,2230
1940,2231
1992,2232
2033,2233
2110,2234
2136,2235
2175,2236
2285,2237
2355,2238
26,2239
62,2240
124,2241
192,2242
333,2243
345,2244
359,2245
390,2246
407,2247
434,2248
458,2249
501,2250
544,2251
572,2252
611,2253
760,2254
766,2255
859,2256
951,2257
960,2258
1206,2259
1264,2260
1350,2261
1357,2262
1557,2263
1566,2264
1875,2265
3046,2266
3381,2267
3400,2268
4083,2269
4338,2270
4430,2271
4526,2272
4530,2273
4539,2274
4541,2275
4554,2276
4566,2277
4650,2278
2483,2279
2722,2280
3016,2281
3162,2282
3234,2283
3281,2284
3303,2285
3311,2286
3384,2287
3424,2288
3436,2289
3510,2290
3552,2291
3611,2292
3641,2293
3801,2294
3808,2295
3824,2296
3878,2297
4094,2298
4130,2299
4198,2300
4210,2301
4240,2302
4280,2303
4343,2304
4365,2305
4476,2306
4483,2307
4488,2308
4490,2309
4572,2310
4632,2311
4646,2312
7,2313
180,2314
218,2315
239,2316
241,2317
356,2318
455,2319
464,2320
669,2321
684,2322
959,2323
1077,2324
1167,2325
1733,2326
2026,2327
2165,2328
2219,2329
2307,2330
2528,2331
2551,2332
2602,2333
2633,2334
2654,2335
2672,2336
2949,2337
2995,2338
3067,2339
3156,2340
3169,2341
3270,2342
3283,2343
3353,2344
3458,2345
3504,2346
3523,2347
3571,2348
3665,2349
3715,2350
3765,2351
3784,2352
3872,2353
3881,2354
3937,2355
3958,2356
4027,2357
4031,2358
4084,2359
4118,2360
4158,2361
4211,2362
4311,2363
4402,2364
4405,2365
4407,2366
4422,2367
4443,2368
4466,2369
4477,2370
4512,2371
4549,2372
4597,2373
4612,2374
4661,2375
105,2376
234,2377
1344,2378
1462,2379
1500,2380
1632,2381
1634,2382
1788,2383
1889,2384
2720,2385
730,2386
1076,2387
1353,2388
1617,2389
1702,2390
1924,2391
2221,2392
3103,2393
3325,2394
4475,2395
4492,2396
441,2397
738,2398
1803,2399
1872,2400
2155,2401
2503,2402
2598,2403
2641,2404
2698,2405
2718,2406
2754,2407
2880,2408
2900,2409
2904,2410
2928,2411
2977,2412
2992,2413
3026,2414
3121,2415
3150,2416
3167,2417
3172,2418
3175,2419
3225,2420
3251,2421
3261,2422
3267,2423
3276,2424
3289,2425
3291,2426
3307,2427
3317,2428
3358,2429
3361,2430
3373,2431
3377,2432
3378,2433
3406,2434
3445,2435
3452,2436
3459,2437
3462,2438
3470,2439
3475,2440
3485,2441
3494,2442
3495,2443
3518,2444
3519,2445
3557,2446
3558,2447
3565,2448
3566,2449
3578,2450
3584,2451
3585,2452
3603,2453
3606,2454
3612,2455
3615,2456
3624,2457
3643,2458
3645,2459
3646,2460
3648,2461
3658,2462
3668,2463
3672,2464
3680,2465
3681,2466
3682,2467
3684,2468
3696,2469
3698,2470
3700,2471
3703,2472
3714,2473
3751,2474
3760,2475
3762,2476
3764,2477
3771,2478
3780,2479
3781,2480
3782,2481
3789,2482
3790,2483
3793,2484
3799,2485
3806,2486
3817,2487
3819,2488
3829,2489
3834,2490
3840,2491
3841,2492
3842,2493
3843,2494
3855,2495
3856,2496
3857,2497
3860,2498
3873,2499
3875,2500
3877,2501
3887,2502
3888,2503
3889,2504
3902,2505
3905,2506
3908,2507
3909,2508
3912,2509
3914,2510
3925,2511
3930,2512
3933,2513
3941,2514
3943,2515
3944,2516
3945,2517
3950,2518
3961,2519
3964,2520
3970,2521
3971,2522
3973,2523
3980,2524
3983,2525
3986,2526
3993,2527
3994,2528
3997,2529
3998,2530
3999,2531
4008,2532
4011,2533
4012,2534
4017,2535
4018,2536
4020,2537
4026,2538
4029,2539
4034,2540
4036,2541
4042,2542
4048,2543
4050,2544
4058,2545
4060,2546
4070,2547
4073,2548
4078,2549
4079,2550
4081,2551
4082,2552
4085,2553
4093,2554
4098,2555
4102,2556
4103,2557
4106,2558
4108,2559
4110,2560
4119,2561
4121,2562
4129,2563
4131,2564
4133,2565
4136,2566
4140,2567
4141,2568
4144,2569
4151,2570
4155,2571
4161,2572
4171,2573
4178,2574
4190,2575
4196,2576
4202,2577
4203,2578
4206,2579
4208,2580
4209,2581
4217,2582
4223,2583
4225,2584
4227,2585
4228,2586
4231,2587
4232,2588
4235,2589
4244,2590
4247,2591
4249,2592
4255,2593
4256,2594
4260,2595
4266,2596
4267,2597
4281,2598
4289,2599
4290,2600
4293,2601
4296,2602
4303,2603
4304,2604
4312,2605
4313,2606
4314,2607
4315,2608
4318,2609
4322,2610
4323,2611
4328,2612
4334,2613
4341,2614
4342,2615
4344,2616
4348,2617
4349,2618
4358,2619
4370,2620
4377,2621
4378,2622
4384,2623
4411,2624
4420,2625
4428,2626
4433,2627
4434,2628
4437,2629
4442,2630
4445,2631
4473,2632
4478,2633
4498,2634
4505,2635
4514,2636
4550,2637
4564,2638
4601,2639
29,2640
38,2641
325,2642
674,2643
834,2644
1147,2645
1195,2646
1371,2647
1719,2648
2356,2649
1399,2650
1441,2651
1511,2652
1572,2653
1592,2654
1829,2655
1919,2656
1982,2657
2197,2658
2291,2659
2377,2660
350,2661
1157,2662
1188,2663
2001,2664
2232,2665
2509,2666
3063,2667
3168,2668
3339,2669
3399,2670
3433,2671
3586,2672
3717,2673
3787,2674
3928,2675
4052,2676
4080,2677
4257,2678
4567,2679
2387,2680
2700,2681
473,2682
581,2683
643,2684
654,2685
792,2686
800,2687
879,2688
882,2689
897,2690
995,2691
1065,2692
1066,2693
1144,2694
1154,2695
1180,2696
1256,2697
1331,2698
1417,2699
1584,2700
1602,2701
1629,2702
1646,2703
1745,2704
1827,2705
1929,2706
2011,2707
2375,2708
2389,2709
2403,2710
2406,2711
2435,2712
2489,2713
2513,2714
2557,2715
2630,2716
2660,2717
2668,2718
2673,2719
2697,2720
2702,2721
2721,2722
2728,2723
2779,2724
2789,2725
2834,2726
2845,2727
2846,2728
2857,2729
2869,2730
2877,2731
2887,2732
2894,2733
2989,2734
3031,2735
3037,2736
3054,2737
3110,2738
3117,2739
3131,2740
3164,2741
3199,2742
3202,2743
3207,2744
3246,2745
3293,2746
3294,2747
3305,2748
3318,2749
3338,2750
3347,2751
3348,2752
3349,2753
3375,2754
3391,2755
3420,2756
3444,2757
3461,2758
3473,2759
3484,2760
3497,2761
3500,2762
3505,2763
3508,2764
3526,2765
3532,2766
3541,2767
3543,2768
3577,2769
3599,2770
3631,2771
3675,2772
3727,2773
3730,2774
3737,2775
3738,2776
3758,2777
3807,2778
3849,2779
3864,2780
3868,2781
3869,2782
3876,2783
3879,2784
3924,2785
3926,2786
3935,2787
3940,2788
3942,2789
3954,2790
3975,2791
3976,2792
3982,2793
4051,2794
4088,2795
4090,2796
4092,2797
4096,2798
4148,2799
4149,2800
4159,2801
4176,2802
4182,2803
4193,2804
4213,2805
4253,2806
4305,2807
4309,2808
4320,2809
4326,2810
4340,2811
4361,2812
4375,2813
4381,2814
4398,2815
4406,2816
4427,2817
4452,2818
4471,2819
4474,2820
4484,2821
4495,2822
4504,2823
4506,2824
4508,2825
4523,2826
4531,2827
4534,2828
4546,2829
4555,2830
4575,2831
4579,2832
4611,2833
4623,2834
4625,2835
4629,2836
4642,2837
4654,2838
1715,2839
2174,2840
2440,2841
3321,2842
3341,2843
5,2844
304,2845
618,2846
680,2847
697,2848
761,2849
762,2850
783,2851
797,2852
798,2853
823,2854
870,2855
875,2856
880,2857
893,2858
896,2859
898,2860
907,2861
908,2862
923,2863
958,2864
986,2865
1001,2866
1003,2867
1043,2868
1056,2869
1062,2870
1079,2871
1088,2872
1100,2873
1103,2874
1118,2875
1126,2876
1164,2877
1165,2878
1175,2879
1181,2880
1186,2881
1214,2882
1257,2883
1267,2884
1291,2885
1304,2886
1365,2887
1398,2888
1400,2889
1409,2890
1447,2891
1457,2892
1487,2893
1494,2894
1498,2895
1589,2896
1591,2897
1625,2898
1637,2899
1690,2900
1705,2901
1713,2902
1716,2903
1720,2904
1731,2905
1744,2906
1775,2907
1798,2908
1804,2909
1805,2910
1813,2911
1815,2912
1823,2913
1830,2914
1838,2915
1857,2916
1859,2917
1860,2918
1864,2919
1896,2920
1939,2921
1947,2922
2000,2923
2008,2924
2025,2925
2034,2926
2038,2927
2040,2928
2071,2929
2083,2930
2086,2931
2087,2932
2096,2933
2189,2934
2246,2935
2297,2936
2298,2937
2360,2938
2379,2939
2451,2940
2706,2941
2895,2942
2899,2943
2922,2944
2950,2945
3203,2946
3379,2947
3534,2948
3694,2949
3704,2950
3858,2951
4447,2952
4618,2953
4659,2954
528,2955
2009,2956
2492,2957
3035,2958
394,2959
922,2960
1141,2961
1209,2962
1355,2963
1404,2964
2421,2965
2523,2966
2590,2967
2609,2968
2623,2969
2638,2970
2642,2971
2685,2972
2696,2973
2707,2974
2709,2975
2723,2976
2739,2977
2782,2978
2785,2979
2836,2980
2839,2981
2849,2982
2859,2983
2865,2984
2902,2985
2935,2986
2965,2987
2968,2988
2985,2989
3008,2990
3024,2991
3030,2992
3032,2993
3047,2994
3048,2995
3052,2996
3056,2997
3062,2998
3065,2999
3070,3000
3087,3001
3096,3002
3101,3003
3111,3004
3124,3005
3130,3006
3141,3007
3145,3008
3178,3009
3180,3010
3194,3011
3200,3012
3217,3013
3221,3014
3224,3015
3229,3016
3235,3017
3242,3018
3245,3019
3256,3020
3262,3021
3263,3022
3264,3023
3268,3024
3272,3025
3275,3026
3277,3027
3278,3028
3280,3029
3284,3030
3285,3031
3286,3032
3287,3033
3290,3034
3300,3035
3302,3036
3304,3037
3306,3038
3313,3039
3320,3040
3322,3041
3323,3042
3336,3043
3342,3044
3344,3045
3354,3046
3369,3047
3370,3048
3386,3049
3388,3050
3401,3051
3403,3052
3408,3053
3409,3054
3410,3055
3425,3056
3427,3057
3439,3058
3442,3059
3447,3060
3460,3061
3465,3062
3472,3063
3482,3064
3507,3065
3530,3066
3573,3067
3614,3068
3616,3069
3622,3070
3637,3071
3640,3072
3653,3073
3661,3074
3663,3075
3693,3076
3706,3077
3716,3078
3745,3079
3788,3080
3792,3081
3798,3082
3810,3083
3830,3084
3836,3085
3847,3086
3934,3087
4014,3088
4076,3089
4086,3090
4124,3091
4173,3092
4316,3093
4327,3094
4329,3095
4330,3096
4351,3097
4380,3098
4387,3099
4390,3100
4410,3101
4423,3102
4454,3103
4460,3104
4485,3105
4486,3106
4497,3107
4522,3108
4532,3109
4536,3110
4543,3111
4560,3112
4571,3113
4587,3114
4592,3115
4604,3116
4615,3117
4620,3118
4633,3119
4636,3120
4658,3121
791,3122
956,3123
1672,3124
2190,3125
2207,3126
2249,3127
4647,3128
54,3129
94,3130
208,3131
213,3132
216,3133
280,3134
300,3135
373,3136
384,3137
403,3138
438,3139
490,3140
593,3141
623,3142
678,3143
747,3144
757,3145
758,3146
816,3147
818,3148
828,3149
839,3150
844,3151
940,3152
961,3153
988,3154
1004,3155
1006,3156
1015,3157
1037,3158
1040,3159
1045,3160
1046,3161
1074,3162
1122,3163
1132,3164
1140,3165
1207,3166
1208,3167
1221,3168
1237,3169
1321,3170
1326,3171
1423,3172
1514,3173
1519,3174
1610,3175
1826,3176
1849,3177
1876,3178
2058,3179
2161,3180
2470,3181
2548,3182
2615,3183
2838,3184
2858,3185
3312,3186
3417,3187
3423,3188
3429,3189
3430,3190
3450,3191
3455,3192
3568,3193
3670,3194
3687,3195
3711,3196
3729,3197
3818,3198
3832,3199
3871,3200
3892,3201
3893,3202
3904,3203
3938,3204
3952,3205
3955,3206
3989,3207
4010,3208
4043,3209
4087,3210
4099,3211
4137,3212
4184,3213
4226,3214
4264,3215
4275,3216
4286,3217
4302,3218
4319,3219
4333,3220
4335,3221
4346,3222
4355,3223
4357,3224
4368,3225
4379,3226
4382,3227
4385,3228
4393,3229
4399,3230
4403,3231
4417,3232
4440,3233
4446,3234
4451,3235
4469,3236
4503,3237
4509,3238
4528,3239
4556,3240
4573,3241
4581,3242
4600,3243
4603,3244
4608,3245
4635,3246
2825,3247
4077,3248
4288,3249
4308,3250
4396,3251
522,3252
750,3253
866,3254
887,3255
918,3256
1009,3257
1231,3258
1345,3259
1792,3260
2206,3261
2244,3262
2335,3263
2336,3264
2344,3265
2369,3266
2434,3267
2445,3268
2485,3269
2539,3270
2626,3271
2749,3272
2783,3273
2794,3274
2806,3275
2844,3276
2875,3277
2933,3278
2939,3279
3115,3280
3195,3281
3223,3282
3356,3283
3371,3284
3418,3285
3428,3286
3542,3287
3634,3288
3654,3289
3962,3290
4111,3291
4135,3292
4169,3293
4337,3294
4366,3295
65,3296
75,3297
82,3298
96,3299
189,3300
201,3301
252,3302
259,3303
265,3304
340,3305
342,3306
397,3307
414,3308
415,3309
416,3310
425,3311
427,3312
431,3313
437,3314
439,3315
445,3316
460,3317
476,3318
483,3319
484,3320
495,3321
500,3322
606,3323
638,3324
645,3325
667,3326
711,3327
739,3328
744,3329
765,3330
794,3331
848,3332
850,3333
883,3334
934,3335
944,3336
957,3337
983,3338
997,3339
1029,3340
1039,3341
1051,3342
1082,3343
1083,3344
1084,3345
1093,3346
1101,3347
1138,3348
1145,3349
1150,3350
1170,3351
1178,3352
1213,3353
1216,3354
1217,3355
1218,3356
1227,3357
1233,3358
1234,3359
1253,3360
1260,3361
1288,3362
1292,3363
1297,3364
1311,3365
1312,3366
1318,3367
1333,3368
1337,3369
1352,3370
1383,3371
1389,3372
1391,3373
1396,3374
1402,3375
1405,3376
1407,3377
1416,3378
1427,3379
1430,3380
1432,3381
1440,3382
1443,3383
1452,3384
1454,3385
1464,3386
1468,3387
1490,3388
1497,3389
1503,3390
1516,3391
1530,3392
1538,3393
1539,3394
1565,3395
1574,3396
1597,3397
1598,3398
1615,3399
1616,3400
1636,3401
1677,3402
1680,3403
1686,3404
1718,3405
1752,3406
1848,3407
1866,3408
1962,3409
1977,3410
2125,3411
2145,3412
2163,3413
2194,3414
2224,3415
2283,3416
2284,3417
2347,3418
2373,3419
2374,3420
2394,3421
2446,3422
2529,3423
2725,3424
2788,3425
2911,3426
4480,3427
4547,3428
4643,3429
4657,3430
40,3431
166,3432
173,3433
181,3434
248,3435
281,3436
329,3437
364,3438
465,3439
562,3440
580,3441
670,3442
846,3443
1042,3444
1270,3445
1385,3446
1460,3447
1623,3448
1697,3449
1753,3450
2342,3451
2559,3452
2645,3453
2822,3454
3174,3455
3220,3456
3314,3457
3350,3458
3365,3459
3380,3460
3387,3461
3453,3462
3469,3463
3476,3464
3486,3465
3649,3466
3683,3467
3690,3468
3701,3469
3719,3470
3725,3471
3735,3472
3769,3473
3823,3474
3859,3475
3874,3476
3891,3477
3920,3478
3946,3479
4279,3480
4291,3481
4294,3482
4373,3483
4408,3484
4416,3485
4455,3486
4456,3487
4481,3488
4510,3489
4511,3490
4617,3491
4653,3492
2,3493
27,3494
56,3495
67,3496
113,3497
152,3498
229,3499
232,3500
250,3501
253,3502
256,3503
288,3504
324,3505
344,3506
371,3507
375,3508
422,3509
449,3510
467,3511
471,3512
492,3513
512,3514
565,3515
573,3516
586,3517
605,3518
620,3519
630,3520
780,3521
869,3522
874,3523
903,3524
933,3525
936,3526
1095,3527
1117,3528
1128,3529
1155,3530
1236,3531
1252,3532
1271,3533
1306,3534
1317,3535
1336,3536
1375,3537
1395,3538
1485,3539
1486,3540
1488,3541
1499,3542
1508,3543
1545,3544
1555,3545
1571,3546
1573,3547
1620,3548
1635,3549
2051,3550
2317,3551
2467,3552
2536,3553
2540,3554
2671,3555
2823,3556
2828,3557
2952,3558
3208,3559
3257,3560
3282,3561
3404,3562
3488,3563
3491,3564
3546,3565
3617,3566
3635,3567
3722,3568
3785,3569
3805,3570
3812,3571
3820,3572
3838,3573
3948,3574
3996,3575
4025,3576
4045,3577
4054,3578
4067,3579
4160,3580
4183,3581
4271,3582
4392,3583
4465,3584
4520,3585
4553,3586
4570,3587
4576,3588
4598,3589
328,3590
671,3591
685,3592
743,3593
782,3594
949,3595
954,3596
979,3597
1199,3598
1540,3599
1861,3600
1880,3601
1944,3602
2123,3603
2140,3604
2148,3605
2177,3606
2256,3607
2274,3608
2304,3609
2337,3610
2349,3611
2368,3612
2392,3613
2405,3614
2426,3615
2456,3616
2472,3617
2556,3618
2567,3619
2568,3620
2606,3621
2608,3622
2703,3623
2796,3624
3018,3625
3060,3626
3080,3627
3198,3628
3219,3629
3628,3630
3709,3631
3865,3632
4191,3633
4221,3634
4263,3635
4457,3636
4462,3637
4515,3638
4548,3639
4574,3640
4590,3641
4596,3642
4610,3643
4639,3644
4649,3645
1587,3646
2117,3647
2646,3648
41,3649
55,3650
77,3651
118,3652
160,3653
171,3654
223,3655
310,3656
318,3657
336,3658
385,3659
386,3660
446,3661
451,3662
488,3663
491,3664
535,3665
537,3666
543,3667
550,3668
558,3669
564,3670
568,3671
577,3672
595,3673
625,3674
656,3675
662,3676
683,3677
688,3678
714,3679
759,3680
832,3681
864,3682
885,3683
917,3684
987,3685
993,3686
1050,3687
1105,3688
1220,3689
1284,3690
1527,3691
1537,3692
1612,3693
1630,3694
2520,3695
2912,3696
2921,3697
3116,3698
3228,3699
3343,3700
3446,3701
3539,3702
3619,3703
4359,3704
1662,3705
2881,3706
770,3707
2758,3708
1759,3709
1855,3710
1921,3711
1945,3712
1963,3713
1989,3714
2029,3715
2043,3716
2046,3717
2055,3718
2143,3719
2144,3720
2152,3721
2184,3722
2187,3723
2191,3724
2193,3725
2198,3726
2223,3727
2258,3728
2270,3729
2300,3730
2313,3731
2331,3732
2366,3733
2380,3734
2444,3735
2473,3736
2527,3737
2538,3738
2560,3739
2595,3740
2629,3741
2775,3742
2820,3743
2830,3744
2916,3745
3109,3746
3173,3747
3176,3748
3340,3749
3366,3750
3443,3751
3659,3752
3757,3753
3827,3754
4095,3755
4150,3756
4162,3757
4233,3758
4250,3759
4324,3760
4325,3761
4350,3762
4501,3763
4599,3764
4627,3765
142,3766
409,3767
554,3768
980,3769
2115,3770
2486,3771
2724,3772
2734,3773
2797,3774
2879,3775
2927,3776
2963,3777
2966,3778
2984,3779
3073,3780
3093,3781
3134,3782
3247,3783
3259,3784
3315,3785
3367,3786
3463,3787
3481,3788
3503,3789
3561,3790
3572,3791
3739,3792
3746,3793
3772,3794
1026,3795
702,3796
1,3797
36,3798
659,3799
773,3800
865,3801
1168,3802
1501,3803
1533,3804
1556,3805
1570,3806
1767,3807
1773,3808
1781,3809
1881,3810
1917,3811
1997,3812
2042,3813
2067,3814
2154,3815
2383,3816
972,3817
1393,3818
2047,3819
168,3820
314,3821
317,3822
321,3823
432,3824
493,3825
588,3826
655,3827
1130,3828
1215,3829
1367,3830
1638,3831
1675,3832
1740,3833
1904,3834
2080,3835
360,3836
609,3837
677,3838
853,3839
982,3840
1107,3841
1152,3842
1235,3843
1451,3844
1479,3845
1606,3846
1667,3847
2090,3848
2132,3849
2137,3850
2357,3851
2853,3852
2913,3853
2926,3854
3363,3855
1308,3856
1950,3857
2332,3858
2620,3859
470,3860
613,3861
741,3862
1816,3863
2012,3864
2171,3865
2192,3866
2273,3867
2420,3868
2479,3869
2744,3870
2893,3871
3120,3872
3591,3873
3931,3874
4053,3875
4132,3876
4175,3877
4459,3878
4470,3879
4561,3880
379,3881
396,3882
404,3883
534,3884
566,3885
817,3886
1034,3887
1553,3888
1760,3889
1812,3890
1905,3891
2056,3892
2081,3893
2183,3894
2276,3895
2316,3896
2343,3897
2361,3898
2364,3899
2493,3900
2562,3901
2572,3902
2662,3903
2746,3904
2818,3905
2863,3906
3137,3907
3741,3908
4142,3909
111,3910
309,3911
657,3912
1384,3913
1536,3914
1582,3915
1774,3916
2296,3917
4,3918
15,3919
53,3920
63,3921
176,3922
242,3923
255,3924
279,3925
287,3926
306,3927
313,3928
435,3929
608,3930
631,3931
668,3932
822,3933
826,3934
845,3935
860,3936
868,3937
1019,3938
1021,3939
1032,3940
1071,3941
1092,3942
1151,3943
1210,3944
1269,3945
1278,3946
1279,3947
1283,3948
1286,3949
1290,3950
1322,3951
1366,3952
1379,3953
1438,3954
1442,3955
1453,3956
1471,3957
1493,3958
1551,3959
1559,3960
1561,3961
1567,3962
1593,3963
1595,3964
1627,3965
1643,3966
1691,3967
1722,3968
1743,3969
1750,3970
1761,3971
1765,3972
1953,3973
2068,3974
2179,3975
2252,3976
2329,3977
2348,3978
2384,3979
2429,3980
2432,3981
2466,3982
61,3983
3181,3984
244,3985
716,3986
1577,3987
1639,3988
1651,3989
1679,3990
1831,3991
2480,3992
2876,3993
3664,3994
196,3995
402,3996
450,3997
504,3998
556,3999
633,4000
653,4001
849,4002
1280,4003
1579,4004
1799,4005
2020,4006
2099,4007
2107,4008
2454,4009
2967,4010
943,4011
3411,4012
18,4013
22,4014
42,4015
108,4016
116,4017
141,4018
172,4019
186,4020
243,4021
245,4022
260,4023
277,4024
305,4025
311,4026
326,4027
352,4028
410,4029
444,4030
454,4031
475,4032
477,4033
497,4034
513,4035
532,4036
541,4037
548,4038
567,4039
598,4040
616,4041
628,4042
700,4043
708,4044
713,4045
751,4046
801,4047
867,4048
881,4049
892,4050
899,4051
925,4052
1159,4053
1275,4054
1277,4055
1334,4056
1850,4057
2526,4058
2770,4059
772,4060
789,4061
904,4062
927,4063
937,4064
990,4065
1016,4066
1086,4067
1090,4068
1109,4069
1129,4070
1189,4071
1248,4072
1310,4073
1328,4074
1588,4075
1695,4076
2106,4077
2920,4078
2936,4079
3083,4080
3636,4081
3702,4082
4022,4083
4038,4084
4104,4085
4156,4086
4181,4087
4238,4088
4242,4089
4367,4090
4374,4091
4467,4092
298,4093
520,4094
1521,4095
2378,4096
486,4097
916,4098
1420,4099
1544,4100
1262,4101
1401,4102
2848,4103
2915,4104
3011,4105
3189,4106
3548,4107
3689,4108
1699,4109
4299,4110
945,4111
1303,4112
2565,4113
3825,4114
3922,4115
4071,4116
4123,4117
4262,4118
4292,4119
4580,4120
3188,4121
452,4122
825,4123
964,4124
975,4125
1273,4126
1524,4127
1726,4128
2961,4129
2982,4130
3001,4131
3209,4132
3513,4133
591,4134
1515,4135
3077,4136
3233,4137
137,4138
219,4139
338,4140
878,4141
902,4142
1458,4143
1510,4144
3258,4145
3906,4146
1586,4147
220,4148
998,4149
1104,4150
1114,4151
1142,4152
1184,4153
1238,4154
1343,4155
1364,4156
1433,4157
1448,4158
1650,4159
1674,4160
1862,4161
4537,4162
555,4163
781,4164
2543,4165
2566,4166
1535,4167
79,4168
130,4169
2766,4170
2813,4171
3064,4172
3626,4173
3744,4174
3844,4175
3882,4176
3985,4177
4041,4178
4168,4179
4179,4180
4207,4181
4220,4182
4222,4183
4224,4184
4265,4185
4276,4186
4429,4187
4540,4188
4542,4189
4586,4190
4609,4191
4622,4192
4637,4193
4652,4194
0,4195
238,4196
737,4197
753,4198
1137,4199
1295,4200
1424,4201
1491,4202
1613,4203
3917,4204
200,4205
1320,4206
1603,4207
3211,4208
4607,4209
4656,4210
1319,4211
52,4212
114,4213
123,4214
237,4215
284,4216
349,4217
381,4218
496,4219
642,4220
647,4221
727,4222
976,4223
1108,4224
1134,4225
1259,4226
1381,4227
1780,4228
102,4229
125,4230
275,4231
387,4232
516,4233
540,4234
547,4235
705,4236
720,4237
749,4238
796,4239
856,4240
876,4241
974,4242
991,4243
999,4244
1124,4245
1156,4246
1203,4247
1255,4248
1408,4249
1429,4250
1446,4251
1523,4252
1621,4253
1642,4254
1661,4255
1809,4256
2209,4257
2295,4258
2328,4259
2359,4260
2547,4261
2684,4262
2713,4263
2745,4264
3196,4265
3502,4266
3678,4267
3848,4268
3896,4269
3929,4270
4001,4271
4028,4272
4195,4273
4463,4274
335,4275
346,4276
363,4277
545,4278
776,4279
1193,4280
1362,4281
1532,4282
2139,4283
2162,4284
2211,4285
2787,4286
3128,4287
824,4288
947,4289
989,4290
1027,4291
1047,4292
1070,4293
1166,4294
1224,4295
1294,4296
1302,4297
1351,4298
1363,4299
1377,4300
1492,4301
1526,4302
1580,4303
1590,4304
1706,4305
2101,4306
2278,4307
2398,4308
2506,4309
2577,4310
3058,4311
3360,4312
3422,4313
3688,4314
3890,4315
4216,4316
4295,4317
4413,4318
4621,4319
11,4320
163,4321
235,4322
297,4323
627,4324
946,4325
1153,4326
1601,4327
2054,4328
2580,4329
4201,4330
1354,4331
2082,4332
793,4333
2810,4334
2867,4335
3022,4336
3053,4337
3191,4338
3274,4339
3395,4340
3538,4341
3775,4342
4100,4343
4114,4344
4189,4345
4332,4346
4353,4347
4521,4348
4535,4349
4565,4350
4569,4351
4602,4352
4616,4353
4628,4354
4655,4355
246,4356
367,4357
710,4358
712,4359
1169,4360
1219,4361
1413,4362
1437,4363
1983,4364
2041,4365
2060,4366
2925,4367
3142,4368
3255,4369
4040,4370
4172,4371
4418,4372
3100,4373
3260,4374
571,4375
1123,4376
1496,4377
1596,4378
1692,4379
1698,4380
1701,4381
1952,4382
2230,4383
2253,4384
2267,4385
2305,4386
2555,4387
2573,4388
2612,4389
2643,4390
2708,4391
2719,4392
2731,4393
2930,4394
2970,4395
3044,4396
3273,4397
3732,4398
3981,4399
70,4400
158,4401
339,4402
584,4403
842,4404
1239,4405
1585,4406
1772,4407
1961,4408
2309,4409
257,4410
583,4411
841,4412
914,4413
977,4414
2386,4415
2892,4416
2931,4417
3210,4418
2188,4419
3953,4420
2680,4421
12,4422
112,4423
119,4424
197,4425
222,4426
236,4427
266,4428
273,4429
378,4430
392,4431
440,4432
459,4433
481,4434
560,4435
644,4436
649,4437
694,4438
707,4439
784,4440
787,4441
790,4442
1031,4443
2597,4444
3023,4445
1368,4446
1419,4447
1444,4448
2460,4449
3301,4450
676,4451
2281,4452
1268,4453
1594,4454
2762,4455
3069,4456
3364,4457
3579,4458
3620,4459
3783,4460
3804,4461
3814,4462
3828,4463
909,4464
4363,4465
68,4466
579,4467
769,4468
928,4469
1450,4470
1211,4471
1380,4472
524,4473
3161,4474
1664,4475
3108,4476
812,4477
994,4478
531,4479
895,4480
1161,4481
1232,4482
1246,4483
1372,4484
1414,4485
2118,4486
2918,4487
408,4488
2213,4489
754,4490
755,4491
863,4492
871,4493
967,4494
1013,4495
1096,4496
1316,4497
1431,4498
1467,4499
1531,4500
1611,4501
1747,4502
1749,4503
2943,4504
3667,4505
3718,4506
774,4507
413,4508
4192,4509
4397,4510
4438,4511
2769,4512
3074,4513
2431,4514
1641,4515
3589,4516
4199,4517
570,4518
1653,4519
2712,4520
2729,4521
2932,4522
1994,4523
83,4524
391,4525
561,4526
715,4527
830,4528
833,4529
966,4530
1023,4531
1356,4532
2550,4533
2695,4534
4139,4535
4154,4536
4164,4537
1554,4538
1655,4539
3193,4540
4421,4541
3139,4542
1406,4543
365,4544
4432,4545
1251,4546
2277,4547
764,4548
1358,4549
1552,4550
1600,4551
1682,4552
1700,4553
1807,4554
2670,4555
3492,4556
2663,4557
32,4558
803,4559
1240,4560
1387,4561
1599,4562
3334,4563
3376,4564
3731,4565
2934,4566
3831,4567
1370,4568
1425,4569
1748,4570
2651,4571
140,4572
323,4573
2124,4574
4372,4575
436,4576
499,4577
590,4578
3039,4579
3451,4580
1098,4581
49,4582
1282,4583
1313,4584
1324,4585
1502,4586
2997,4587
4006,4588
4425,4589
2752,4590
2649,4591
50,4592
72,4593
225,4594
388,4595
811,4596
1347,4597
1564,4598
2842,4599
4489,4600
4525,4601
4644,4602
474,4603
3132,4604
632,4605
1374,4606
1528,4607
4047,4608
4594,4609
4634,4610
1529,4611
551,4612
1576,4613
2864,4614
4585,4615
1060,4616
3351,4617
3669,4618
4306,4619
2811,4620
1476,4621
1619,4622
4122,4623
4297,4624
4439,4625
2866,4626
3590,4627
1470,4628
2741,4629
109,4630
60,4631
607,4632
799,4633
1392,4634
4039,4635
2535,4636
3965,4637
1287,4638
1513,4639
1730,4640
2205,4641
4638,4642
353,4643
519,4644
3592,4645
3736,4646
3911,4647
1915,4648
732,4649
1119,4650
1865,4651
1192,4652
888,4653
2235,4654
2103,4655
553,4656
788,4657
1249,4658
1305,4659
1030,4660
546,4661
1456,4662
