177
204
228
231
247
258
282
296
301
303
307
316
358
374
443
462
463
468
478
479
489
498
510
518
536
542
549
596
597
650
691
698
723
748
809
821
913
924
931
932
948
952
1020
1022
1158
1197
1285
1298
1314
1332
1360
1434
1463
1465
1483
1512
1525
1542
1543
1568
1618
1644
1649
1654
1656
1660
1665
1669
1687
1708
1710
1717
1723
1725
1734
1738
1751
1754
1766
1783
1787
1790
1800
1801
1810
1817
1845
1856
1884
1886
1887
1888
1893
1900
1906
1907
1913
1925
1930
1931
1932
1937
1941
1943
1946
1956
1959
1965
1966
1968
1969
1973
1980
1987
1988
1993
1996
1998
2003
2004
2007
2014
2017
2022
2023
2028
2035
2039
2045
2048
2057
2062
2070
2076
2088
2095
2097
2111
2120
2128
2129
2130
2158
2159
2172
2182
2215
2243
2251
2259
2264
2311
2323
2340
2346
2352
2367
2388
2393
2409
2416
2441
2443
2447
2452
2490
2507
2541
2544
2558
2563
2605
2628
2637
2640
2658
2677
2682
2781
2874
2971
2986
3171
3244
3279
3308
3316
3521
3524
3600
3601
3677
3776
3885
3903
3921
3957
4032
4044
4061
4167
4170
4218
4248
4285
4310
4354
4356
4369
4448
4464
4533
4613
272
615
1673
1735
1834
1839
1995
2131
2242
2260
2326
2371
2415
2468
2519
2570
2582
2583
2594
2614
2636
2639
2647
2664
2686
2687
2688
2689
2692
2715
2761
2771
2772
2774
2777
2778
2780
2784
2792
2799
2800
2801
2802
2803
2812
2814
2817
2821
2826
2837
2856
2860
2861
2862
2885
2896
2901
2903
2909
2923
2924
2940
2945
2947
2948
2955
2956
2958
2962
2964
2973
2975
2976
2978
2981
2983
2987
2990
2991
2994
2996
2998
2999
3002
3005
3006
3007
3014
3020
3021
3027
3028
3038
3041
3042
3043
3045
3049
3051
3055
3061
3066
3068
3075
3076
3078
3081
3082
3085
3090
3092
3098
3102
3105
3113
3114
3122
3125
3129
3133
3138
3144
3151
3152
3154
3158
3160
3165
3177
3179
3183
3186
3187
3192
3197
3201
3204
3206
3212
3215
3230
3232
3236
3240
3249
3250
3252
3254
3266
3271
3299
3309
3319
3327
3332
3333
3337
3345
3352
3372
3374
3382
3385
3389
3390
3394
3397
3398
3419
3421
3435
3466
3467
3471
3477
3478
3479
3487
3498
3499
3511
3515
3517
3525
3527
3529
3531
3536
3537
3544
3545
3553
3569
3580
3582
3594
3596
3598
3604
3605
3610
3623
3632
3647
3676
3686
3691
3695
3697
3708
3723
3761
3767
3768
3777
3778
3802
3811
3821
3851
3861
3880
3897
3901
3907
3936
3947
3956
3984
3987
3988
4002
4004
4005
4015
4046
4049
4055
4064
4068
4072
4091
4105
4107
4134
4153
4236
4241
4245
4272
4298
46
66
71
78
90
95
165
212
331
526
594
695
779
837
919
953
1131
1136
1325
1534
1728
1755
1782
1820
1822
1843
1847
1873
1890
1916
1920
2015
2049
2133
2156
2167
2217
2255
2289
2294
2330
2365
2408
2412
2413
2430
2437
2471
2593
2619
2621
2650
2730
2742
2756
2765
2798
2827
2835
2870
2954
3013
3227
3241
3383
3415
3666
3884
4013
366
421
442
461
585
838
912
941
1681
1819
2065
2089
2098
2126
2176
2233
2395
2396
2425
2458
2475
2478
2603
2634
2644
2768
2776
2840
2905
2979
3025
3034
3095
3112
3118
3185
3253
3434
3440
3773
3822
3974
3995
4035
4147
4331
4582
1520
2016
2164
2169
2262
2423
2586
2679
2737
2804
2829
2917
3355
3593
3742
3910
147
221
226
261
274
291
369
417
424
426
494
559
575
601
621
636
665
682
693
699
1055
1106
1647
1709
1732
1736
1739
1746
1764
1769
1786
1791
1796
1814
1821
1825
1841
1851
1852
1867
1870
1874
1877
1879
1882
1883
1885
1891
1892
1895
1897
1898
1899
1901
1902
1908
1909
1911
1912
1914
1918
1923
1926
1928
1934
1938
1942
1949
1957
1964
1971
1974
1975
1979
1984
1985
1986
1990
1999
2005
2006
2010
2018
2019
2021
2027
2031
2032
2044
2050
2053
2059
2064
2066
2069
2073
2074
2075
2079
2084
2085
2092
2093
2094
2100
2104
2105
2109
2112
2113
2114
2116
2119
2121
2122
2127
2134
2135
2141
2142
2147
2149
2153
2160
2168
2178
2180
2185
2186
2195
2199
2200
2201
2204
2208
2214
2227
2228
2231
2234
2237
2239
2241
2248
2250
2254
2257
2261
2263
2266
2268
2271
2282
2286
2290
2292
2293
2299
2302
2303
2310
2312
2314
2315
2319
2320
2321
2322
2325
2327
2338
2339
2345
2350
2351
2353
2354
2358
2363
2370
2372
2381
2382
2385
2399
2400
2401
2404
2407
2410
2418
2419
2427
2436
2442
2459
2463
2474
2481
2487
2488
2491
2494
2495
2496
2500
2504
2505
2508
2511
2512
2514
2515
2517
2518
2522
2524
2525
2531
2533
2537
2542
2545
2546
2554
2561
2569
2574
2575
2576
2584
2585
2591
2592
2599
2601
2604
2607
2616
2617
2618
2622
2624
2625
2632
2635
2648
2653
2666
2669
2674
2675
2678
2683
2691
2693
2694
2699
2704
2705
2710
2714
2717
2727
2733
2735
2738
2740
2743
2750
2753
2755
2759
2763
2767
2773
2790
2793
2795
2808
2816
2819
2833
2841
2847
2850
2852
2854
2855
2872
2873
2878
2883
2889
2898
2907
2910
2914
2919
2929
2938
2944
2951
2953
2957
2959
2960
2972
2974
2980
2988
2993
3000
3012
3015
3019
3029
3033
3036
3079
3084
3089
3091
3094
3097
3099
3106
3107
3119
3123
3136
3143
3146
3148
3149
3153
3155
3182
3190
3205
3214
3216
3222
3226
3231
3238
3248
3265
3295
3297
3298
3324
3329
3396
3413
3416
3426
3437
3448
3449
3454
3474
3480
3496
3516
3535
3555
3560
3564
3583
3602
3656
3685
3707
3749
3766
3786
3796
3894
3900
3913
3991
4037
4069
4177
4444
819
1329
1763
1936
2166
2236
2450
3017
3490
3559
3679
3692
3724
3763
3923
3959
4075
4089
4120
4126
4180
4187
4197
4270
4339
4412
4491
4551
4568
4624
4626
1727
1777
1955
3554
3629
4138
660
778
815
971
985
1376
1724
1768
1844
1858
1933
1935
2077
2334
2449
2667
2676
2701
2851
3071
3140
3157
3779
3850
4033
4389
4529
4557
635
666
709
725
729
756
820
854
939
978
984
1000
1018
1054
1059
1081
1094
1097
1135
1160
1194
1200
1230
1250
1265
1266
1276
1315
1359
1369
1378
1386
1388
1403
1411
1426
1445
1473
1495
1504
1507
1517
1518
1522
1546
1548
1558
1560
1604
1609
1614
1626
1633
1645
1657
1663
1688
1741
1742
1762
1770
1776
1778
1789
1793
1806
1808
1903
1954
1970
1981
2061
2091
2157
2196
2210
2212
2216
2220
2287
2457
2587
2655
2690
2888
2946
3010
3057
3059
3127
3184
3269
3288
3292
3362
3412
3438
3464
3468
3493
3570
3575
3576
3613
3630
3642
3660
3673
3674
3791
3809
3837
3866
3870
3915
3968
3978
3992
4009
4056
4057
4059
4066
4097
4117
4127
4163
4174
4237
4239
4243
4246
4259
4371
4383
4386
4414
4415
4419
4435
4436
4496
1922
2238
2428
2553
2656
2657
2937
3431
3522
4007
4277
295
361
515
563
802
910
1052
1241
1281
1293
1300
1338
1418
1428
1466
1622
1624
1631
1659
1670
1721
1729
1811
1878
1951
1960
16
17
35
37
292
398
453
502
538
614
629
648
651
672
731
752
775
814
857
905
1008
1010
1012
1049
1058
1163
1309
1394
1459
1472
1484
1671
1685
1771
1794
1797
1835
1840
1871
2002
3456
3556
3898
3918
3
24
25
39
47
48
73
103
110
155
161
167
268
337
372
433
456
469
503
507
514
517
552
576
622
637
640
663
673
689
692
722
735
740
767
804
835
851
858
862
877
890
891
894
920
930
973
1024
1033
1035
1041
1048
1057
1063
1067
1068
1073
1078
1087
1091
1099
1113
1115
1120
1121
1125
1143
1148
1172
1173
1177
1179
1182
1187
1196
1202
1223
1225
1226
1228
1229
1242
1244
1245
1247
1272
1274
1301
1323
1327
1340
1361
1390
1397
1410
1412
1436
1455
1477
1481
1509
1541
1569
1578
1581
1583
1605
1640
1658
1678
1684
1689
1693
1696
1707
1714
1910
1967
2030
2037
2138
2150
2173
2222
2226
2245
2247
2280
2324
2333
2341
2391
2397
2411
2414
2422
2438
2439
2476
2477
2484
2497
2498
2516
2521
2530
2534
2600
2610
2611
2661
2681
2726
2751
2760
2805
2807
2809
2815
2831
2890
2891
2906
3003
3009
3088
3243
3296
3328
3335
3346
3483
3489
3528
3607
3627
3733
3740
3753
3800
3846
3863
3916
3927
3966
4065
4128
4143
4165
4212
4214
4317
4376
4461
4545
4559
1683
808
906
996
1005
1489
1666
1818
1854
1972
2024
2036
2052
2108
2203
2229
2417
3728
3734
1335
886
921
926
1449
1712
1757
1832
2736
2757
2886
3004
3414
3506
3618
3852
3853
3969
4186
4204
4424
1758
2269
2455
2510
2571
3867
4023
4115
4166
4431
4630
578
679
861
950
981
1075
1469
1480
1563
2072
2170
2390
2824
4251
4458
4502
6
8
13
19
23
33
43
59
64
74
80
85
86
87
91
98
104
121
145
146
149
150
185
209
217
227
251
293
302
312
343
357
383
400
406
430
466
480
509
589
602
610
681
690
763
771
843
855
872
901
955
1007
1064
1146
1171
1176
1185
1190
1212
1222
1254
1263
1299
1421
1439
1505
1547
1628
1833
1863
2151
2181
2308
2461
2464
2588
2868
2884
2897
3104
3218
3237
3549
485
736
1927
2659
2871
44
45
69
93
97
106
120
127
129
131
159
162
205
206
249
299
320
330
332
347
348
354
368
370
393
419
447
482
487
508
539
557
569
582
592
600
604
612
619
624
626
634
658
664
696
701
703
704
718
724
733
742
768
777
785
786
827
829
831
847
852
873
884
900
911
962
963
968
970
992
1011
1014
1017
1025
1044
1053
1061
1110
1111
1116
1127
1139
1183
1205
1258
1342
1346
1349
1373
1382
1475
1478
1506
1549
1703
1785
1824
1978
1991
2102
2272
2279
2306
2424
2433
2469
2482
2502
2549
2564
2596
2665
2711
2716
2764
2843
3040
3050
3086
3159
3166
3213
3368
3588
3770
3797
3833
9
10
14
20
21
28
30
31
34
51
57
58
76
81
84
89
92
99
100
101
107
115
117
126
128
132
135
138
139
143
144
151
153
154
156
157
164
170
174
175
178
179
183
187
188
190
191
193
194
195
198
199
202
203
207
210
211
230
233
240
254
262
264
267
270
271
276
278
283
285
286
289
290
294
308
315
319
322
327
334
341
351
355
362
377
380
382
389
399
401
405
411
418
420
423
428
429
448
457
472
505
506
521
523
525
527
529
530
533
574
587
599
603
617
639
641
646
652
661
686
687
706
717
719
721
726
728
734
745
746
795
805
807
810
813
836
840
889
915
929
935
938
942
969
1002
1028
1036
1038
1072
1080
1089
1112
1133
1162
1174
1191
1198
1201
1243
1261
1289
1296
1307
1330
1341
1348
1422
1461
1474
1482
1550
1575
1607
1608
1648
1668
1737
1779
1795
1802
1836
1837
1869
1948
1976
2078
2218
2240
2275
2288
2301
2318
2462
2465
2501
2532
2552
2578
2579
2581
2613
2631
2652
2732
2786
2791
2832
3072
3163
3331
3402
3509
3520
3595
3650
3671
3759
3815
3816
3826
3949
4229
4479
269
675
1694
1756
2146
2202
2448
2453
88
122
133
134
136
148
169
182
184
214
215
224
263
376
395
511
1069
1339
1435
1562
1711
2063
2376
2499
2589
2627
2747
2748
2882
2908
2941
2942
2969
3126
3135
3147
3170
3239
3310
3326
3330
3357
3359
3392
3393
3405
3407
3432
3441
3457
3501
3512
3514
3533
3540
3547
3550
3551
3562
3563
3567
3574
3581
3587
3597
3608
3609
3621
3625
3633
3638
3639
3644
3651
3652
3655
3657
3662
3699
3705
3710
3712
3713
3720
3721
3726
3743
3747
3748
3750
3752
3754
3755
3756
3774
3794
3795
3803
3813
3835
3839
3845
3854
3862
3883
3886
3895
3899
3919
3932
3939
3951
3960
3963
3967
3972
3977
3979
3990
4000
4003
4016
4019
4021
4024
4030
4062
4063
4074
4101
4109
4112
4113
4116
4125
4145
4146
4152
4157
4185
4188
4194
4200
4205
4215
4219
4230
4234
4252
4254
4258
4261
4268
4269
4273
4274
4278
4282
4283
4284
4287
4300
4301
4307
4321
4336
4345
4347
4352
4360
4362
4364
4388
4391
4394
4395
4400
4401
4404
4409
4426
4441
4449
4450
4453
4468
4472
4482
4487
4493
4494
4499
4500
4507
4513
4516
4517
4518
4519
4524
4527
4538
4544
4552
4558
4562
4563
4577
4578
4583
4584
4588
4589
4591
4593
4595
4605
4606
4614
4619
4631
4640
4641
4645
4648
4651
4660
4662
806
965
1085
1204
1415
1828
2225
2265
2402
1652
1676
1704
1958
2013
2362
412
1102
1149
1784
1842
1846
1853
1868
1894
1940
1992
2033
2110
2136
2175
2285
2355
26
62
124
192
333
345
359
390
407
434
458
501
544
572
611
760
766
859
951
960
1206
1264
1350
1357
1557
1566
1875
3046
3381
3400
4083
4338
4430
4526
4530
4539
4541
4554
4566
4650
2483
2722
3016
3162
3234
3281
3303
3311
3384
3424
3436
3510
3552
3611
3641
3801
3808
3824
3878
4094
4130
4198
4210
4240
4280
4343
4365
4476
4483
4488
4490
4572
4632
4646
7
180
218
239
241
356
455
464
669
684
959
1077
1167
1733
2026
2165
2219
2307
2528
2551
2602
2633
2654
2672
2949
2995
3067
3156
3169
3270
3283
3353
3458
3504
3523
3571
3665
3715
3765
3784
3872
3881
3937
3958
4027
4031
4084
4118
4158
4211
4311
4402
4405
4407
4422
4443
4466
4477
4512
4549
4597
4612
4661
105
234
1344
1462
1500
1632
1634
1788
1889
2720
730
1076
1353
1617
1702
1924
2221
3103
3325
4475
4492
441
738
1803
1872
2155
2503
2598
2641
2698
2718
2754
2880
2900
2904
2928
2977
2992
3026
3121
3150
3167
3172
3175
3225
3251
3261
3267
3276
3289
3291
3307
3317
3358
3361
3373
3377
3378
3406
3445
3452
3459
3462
3470
3475
3485
3494
3495
3518
3519
3557
3558
3565
3566
3578
3584
3585
3603
3606
3612
3615
3624
3643
3645
3646
3648
3658
3668
3672
3680
3681
3682
3684
3696
3698
3700
3703
3714
3751
3760
3762
3764
3771
3780
3781
3782
3789
3790
3793
3799
3806
3817
3819
3829
3834
3840
3841
3842
3843
3855
3856
3857
3860
3873
3875
3877
3887
3888
3889
3902
3905
3908
3909
3912
3914
3925
3930
3933
3941
3943
3944
3945
3950
3961
3964
3970
3971
3973
3980
3983
3986
3993
3994
3997
3998
3999
4008
4011
4012
4017
4018
4020
4026
4029
4034
4036
4042
4048
4050
4058
4060
4070
4073
4078
4079
4081
4082
4085
4093
4098
4102
4103
4106
4108
4110
4119
4121
4129
4131
4133
4136
4140
4141
4144
4151
4155
4161
4171
4178
4190
4196
4202
4203
4206
4208
4209
4217
4223
4225
4227
4228
4231
4232
4235
4244
4247
4249
4255
4256
4260
4266
4267
4281
4289
4290
4293
4296
4303
4304
4312
4313
4314
4315
4318
4322
4323
4328
4334
4341
4342
4344
4348
4349
4358
4370
4377
4378
4384
4411
4420
4428
4433
4434
4437
4442
4445
4473
4478
4498
4505
4514
4550
4564
4601
29
38
325
674
834
1147
1195
1371
1719
2356
1399
1441
1511
1572
1592
1829
1919
1982
2197
2291
2377
350
1157
1188
2001
2232
2509
3063
3168
3339
3399
3433
3586
3717
3787
3928
4052
4080
4257
4567
2387
2700
473
581
643
654
792
800
879
882
897
995
1065
1066
1144
1154
1180
1256
1331
1417
1584
1602
1629
1646
1745
1827
1929
2011
2375
2389
2403
2406
2435
2489
2513
2557
2630
2660
2668
2673
2697
2702
2721
2728
2779
2789
2834
2845
2846
2857
2869
2877
2887
2894
2989
3031
3037
3054
3110
3117
3131
3164
3199
3202
3207
3246
3293
3294
3305
3318
3338
3347
3348
3349
3375
3391
3420
3444
3461
3473
3484
3497
3500
3505
3508
3526
3532
3541
3543
3577
3599
3631
3675
3727
3730
3737
3738
3758
3807
3849
3864
3868
3869
3876
3879
3924
3926
3935
3940
3942
3954
3975
3976
3982
4051
4088
4090
4092
4096
4148
4149
4159
4176
4182
4193
4213
4253
4305
4309
4320
4326
4340
4361
4375
4381
4398
4406
4427
4452
4471
4474
4484
4495
4504
4506
4508
4523
4531
4534
4546
4555
4575
4579
4611
4623
4625
4629
4642
4654
1715
2174
2440
3321
3341
5
304
618
680
697
761
762
783
797
798
823
870
875
880
893
896
898
907
908
923
958
986
1001
1003
1043
1056
1062
1079
1088
1100
1103
1118
1126
1164
1165
1175
1181
1186
1214
1257
1267
1291
1304
1365
1398
1400
1409
1447
1457
1487
1494
1498
1589
1591
1625
1637
1690
1705
1713
1716
1720
1731
1744
1775
1798
1804
1805
1813
1815
1823
1830
1838
1857
1859
1860
1864
1896
1939
1947
2000
2008
2025
2034
2038
2040
2071
2083
2086
2087
2096
2189
2246
2297
2298
2360
2379
2451
2706
2895
2899
2922
2950
3203
3379
3534
3694
3704
3858
4447
4618
4659
528
2009
2492
3035
394
922
1141
1209
1355
1404
2421
2523
2590
2609
2623
2638
2642
2685
2696
2707
2709
2723
2739
2782
2785
2836
2839
2849
2859
2865
2902
2935
2965
2968
2985
3008
3024
3030
3032
3047
3048
3052
3056
3062
3065
3070
3087
3096
3101
3111
3124
3130
3141
3145
3178
3180
3194
3200
3217
3221
3224
3229
3235
3242
3245
3256
3262
3263
3264
3268
3272
3275
3277
3278
3280
3284
3285
3286
3287
3290
3300
3302
3304
3306
3313
3320
3322
3323
3336
3342
3344
3354
3369
3370
3386
3388
3401
3403
3408
3409
3410
3425
3427
3439
3442
3447
3460
3465
3472
3482
3507
3530
3573
3614
3616
3622
3637
3640
3653
3661
3663
3693
3706
3716
3745
3788
3792
3798
3810
3830
3836
3847
3934
4014
4076
4086
4124
4173
4316
4327
4329
4330
4351
4380
4387
4390
4410
4423
4454
4460
4485
4486
4497
4522
4532
4536
4543
4560
4571
4587
4592
4604
4615
4620
4633
4636
4658
791
956
1672
2190
2207
2249
4647
54
94
208
213
216
280
300
373
384
403
438
490
593
623
678
747
757
758
816
818
828
839
844
940
961
988
1004
1006
1015
1037
1040
1045
1046
1074
1122
1132
1140
1207
1208
1221
1237
1321
1326
1423
1514
1519
1610
1826
1849
1876
2058
2161
2470
2548
2615
2838
2858
3312
3417
3423
3429
3430
3450
3455
3568
3670
3687
3711
3729
3818
3832
3871
3892
3893
3904
3938
3952
3955
3989
4010
4043
4087
4099
4137
4184
4226
4264
4275
4286
4302
4319
4333
4335
4346
4355
4357
4368
4379
4382
4385
4393
4399
4403
4417
4440
4446
4451
4469
4503
4509
4528
4556
4573
4581
4600
4603
4608
4635
2825
4077
4288
4308
4396
522
750
866
887
918
1009
1231
1345
1792
2206
2244
2335
2336
2344
2369
2434
2445
2485
2539
2626
2749
2783
2794
2806
2844
2875
2933
2939
3115
3195
3223
3356
3371
3418
3428
3542
3634
3654
3962
4111
4135
4169
4337
4366
65
75
82
96
189
201
252
259
265
340
342
397
414
415
416
425
427
431
437
439
445
460
476
483
484
495
500
606
638
645
667
711
739
744
765
794
848
850
883
934
944
957
983
997
1029
1039
1051
1082
1083
1084
1093
1101
1138
1145
1150
1170
1178
1213
1216
1217
1218
1227
1233
1234
1253
1260
1288
1292
1297
1311
1312
1318
1333
1337
1352
1383
1389
1391
1396
1402
1405
1407
1416
1427
1430
1432
1440
1443
1452
1454
1464
1468
1490
1497
1503
1516
1530
1538
1539
1565
1574
1597
1598
1615
1616
1636
1677
1680
1686
1718
1752
1848
1866
1962
1977
2125
2145
2163
2194
2224
2283
2284
2347
2373
2374
2394
2446
2529
2725
2788
2911
4480
4547
4643
4657
40
166
173
181
248
281
329
364
465
562
580
670
846
1042
1270
1385
1460
1623
1697
1753
2342
2559
2645
2822
3174
3220
3314
3350
3365
3380
3387
3453
3469
3476
3486
3649
3683
3690
3701
3719
3725
3735
3769
3823
3859
3874
3891
3920
3946
4279
4291
4294
4373
4408
4416
4455
4456
4481
4510
4511
4617
4653
2
27
56
67
113
152
229
232
250
253
256
288
324
344
371
375
422
449
467
471
492
512
565
573
586
605
620
630
780
869
874
903
933
936
1095
1117
1128
1155
1236
1252
1271
1306
1317
1336
1375
1395
1485
1486
1488
1499
1508
1545
1555
1571
1573
1620
1635
2051
2317
2467
2536
2540
2671
2823
2828
2952
3208
3257
3282
3404
3488
3491
3546
3617
3635
3722
3785
3805
3812
3820
3838
3948
3996
4025
4045
4054
4067
4160
4183
4271
4392
4465
4520
4553
4570
4576
4598
328
671
685
743
782
949
954
979
1199
1540
1861
1880
1944
2123
2140
2148
2177
2256
2274
2304
2337
2349
2368
2392
2405
2426
2456
2472
2556
2567
2568
2606
2608
2703
2796
3018
3060
3080
3198
3219
3628
3709
3865
4191
4221
4263
4457
4462
4515
4548
4574
4590
4596
4610
4639
4649
1587
2117
2646
41
55
77
118
160
171
223
310
318
336
385
386
446
451
488
491
535
537
543
550
558
564
568
577
595
625
656
662
683
688
714
759
832
864
885
917
987
993
1050
1105
1220
1284
1527
1537
1612
1630
2520
2912
2921
3116
3228
3343
3446
3539
3619
4359
1662
2881
770
2758
1759
1855
1921
1945
1963
1989
2029
2043
2046
2055
2143
2144
2152
2184
2187
2191
2193
2198
2223
2258
2270
2300
2313
2331
2366
2380
2444
2473
2527
2538
2560
2595
2629
2775
2820
2830
2916
3109
3173
3176
3340
3366
3443
3659
3757
3827
4095
4150
4162
4233
4250
4324
4325
4350
4501
4599
4627
142
409
554
980
2115
2486
2724
2734
2797
2879
2927
2963
2966
2984
3073
3093
3134
3247
3259
3315
3367
3463
3481
3503
3561
3572
3739
3746
3772
1026
702
1
36
659
773
865
1168
1501
1533
1556
1570
1767
1773
1781
1881
1917
1997
2042
2067
2154
2383
972
1393
2047
168
314
317
321
432
493
588
655
1130
1215
1367
1638
1675
1740
1904
2080
360
609
677
853
982
1107
1152
1235
1451
1479
1606
1667
2090
2132
2137
2357
2853
2913
2926
3363
1308
1950
2332
2620
470
613
741
1816
2012
2171
2192
2273
2420
2479
2744
2893
3120
3591
3931
4053
4132
4175
4459
4470
4561
379
396
404
534
566
817
1034
1553
1760
1812
1905
2056
2081
2183
2276
2316
2343
2361
2364
2493
2562
2572
2662
2746
2818
2863
3137
3741
4142
111
309
657
1384
1536
1582
1774
2296
4
15
53
63
176
242
255
279
287
306
313
435
608
631
668
822
826
845
860
868
1019
1021
1032
1071
1092
1151
1210
1269
1278
1279
1283
1286
1290
1322
1366
1379
1438
1442
1453
1471
1493
1551
1559
1561
1567
1593
1595
1627
1643
1691
1722
1743
1750
1761
1765
1953
2068
2179
2252
2329
2348
2384
2429
2432
2466
61
3181
244
716
1577
1639
1651
1679
1831
2480
2876
3664
196
402
450
504
556
633
653
849
1280
1579
1799
2020
2099
2107
2454
2967
943
3411
18
22
42
108
116
141
172
186
243
245
260
277
305
311
326
352
410
444
454
475
477
497
513
532
541
548
567
598
616
628
700
708
713
751
801
867
881
892
899
925
1159
1275
1277
1334
1850
2526
2770
772
789
904
927
937
990
1016
1086
1090
1109
1129
1189
1248
1310
1328
1588
1695
2106
2920
2936
3083
3636
3702
4022
4038
4104
4156
4181
4238
4242
4367
4374
4467
298
520
1521
2378
486
916
1420
1544
1262
1401
2848
2915
3011
3189
3548
3689
1699
4299
945
1303
2565
3825
3922
4071
4123
4262
4292
4580
3188
452
825
964
975
1273
1524
1726
2961
2982
3001
3209
3513
591
1515
3077
3233
137
219
338
878
902
1458
1510
3258
3906
1586
220
998
1104
1114
1142
1184
1238
1343
1364
1433
1448
1650
1674
1862
4537
555
781
2543
2566
1535
79
130
2766
2813
3064
3626
3744
3844
3882
3985
4041
4168
4179
4207
4220
4222
4224
4265
4276
4429
4540
4542
4586
4609
4622
4637
4652
0
238
737
753
1137
1295
1424
1491
1613
3917
200
1320
1603
3211
4607
4656
1319
52
114
123
237
284
349
381
496
642
647
727
976
1108
1134
1259
1381
1780
102
125
275
387
516
540
547
705
720
749
796
856
876
974
991
999
1124
1156
1203
1255
1408
1429
1446
1523
1621
1642
1661
1809
2209
2295
2328
2359
2547
2684
2713
2745
3196
3502
3678
3848
3896
3929
4001
4028
4195
4463
335
346
363
545
776
1193
1362
1532
2139
2162
2211
2787
3128
824
947
989
1027
1047
1070
1166
1224
1294
1302
1351
1363
1377
1492
1526
1580
1590
1706
2101
2278
2398
2506
2577
3058
3360
3422
3688
3890
4216
4295
4413
4621
11
163
235
297
627
946
1153
1601
2054
2580
4201
1354
2082
793
2810
2867
3022
3053
3191
3274
3395
3538
3775
4100
4114
4189
4332
4353
4521
4535
4565
4569
4602
4616
4628
4655
246
367
710
712
1169
1219
1413
1437
1983
2041
2060
2925
3142
3255
4040
4172
4418
3100
3260
571
1123
1496
1596
1692
1698
1701
1952
2230
2253
2267
2305
2555
2573
2612
2643
2708
2719
2731
2930
2970
3044
3273
3732
3981
70
158
339
584
842
1239
1585
1772
1961
2309
257
583
841
914
977
2386
2892
2931
3210
2188
3953
2680
12
112
119
197
222
236
266
273
378
392
440
459
481
560
644
649
694
707
784
787
790
1031
2597
3023
1368
1419
1444
2460
3301
676
2281
1268
1594
2762
3069
3364
3579
3620
3783
3804
3814
3828
909
4363
68
579
769
928
1450
1211
1380
524
3161
1664
3108
812
994
531
895
1161
1232
1246
1372
1414
2118
2918
408
2213
754
755
863
871
967
1013
1096
1316
1431
1467
1531
1611
1747
1749
2943
3667
3718
774
413
4192
4397
4438
2769
3074
2431
1641
3589
4199
570
1653
2712
2729
2932
1994
83
391
561
715
830
833
966
1023
1356
2550
2695
4139
4154
4164
1554
1655
3193
4421
3139
1406
365
4432
1251
2277
764
1358
1552
1600
1682
1700
1807
2670
3492
2663
32
803
1240
1387
1599
3334
3376
3731
2934
3831
1370
1425
1748
2651
140
323
2124
4372
436
499
590
3039
3451
1098
49
1282
1313
1324
1502
2997
4006
4425
2752
2649
50
72
225
388
811
1347
1564
2842
4489
4525
4644
474
3132
632
1374
1528
4047
4594
4634
1529
551
1576
2864
4585
1060
3351
3669
4306
2811
1476
1619
4122
4297
4439
2866
3590
1470
2741
109
60
607
799
1392
4039
2535
3965
1287
1513
1730
2205
4638
353
519
3592
3736
3911
1915
732
1119
1865
1192
888
2235
2103
553
788
1249
1305
1030
546
1456
